34
0.05 1.8 0.5 1.81 116.0 58.0
0.05 1.8 0.5 1.81 116.0 58.0
0.05 1.8 0.58 1.81 121.44 60.72
0.05 1.8 0.68 1.81 128.24 64.12
0.1 1.8 0.75 1.81 133.0 66.5
0.1 1.8 0.83 1.81 138.44 69.22
0.2 1.9 0.9 1.86 143.2 71.6
0.2 2.03 1.0 1.92 150.0 75.0
0.2 2.14 1.05 1.97 153.4 76.7
0.2 2.2 1.1 1.99 156.8 78.4
0.2 2.4 1.15 2.06 160.2 80.1
0.2 2.7 1.2 2.15 163.6 81.8
0.2 3.0 1.43 2.22 179.24 89.62
0.2 3.27 1.64 2.28 193.52 96.76
0.2 3.53 1.86 2.32 208.48 104.24
0.2 3.8 2.07 2.36 222.76 111.38
0.2 4.07 2.28 2.4 237.04 118.52
0.2 4.33 2.49 2.44 251.32 125.66
0.2 4.6 2.7 2.48 265.6 132.8
0.2 4.71 2.77 2.49 270.36 135.18
0.2 4.82 2.84 2.51 275.12 137.56
0.2 4.93 2.91 2.52 279.88 139.94
0.2 5.04 2.98 2.54 284.64 142.32
0.2 5.15 3.05 2.56 289.4 144.7
0.2 5.26 3.12 2.58 294.16 147.08
0.2 5.37 3.19 2.6 298.92 149.46
0.2 5.48 3.26 2.61 303.68 151.84
0.2 5.59 3.33 2.63 308.44 154.22
0.2 5.7 3.4 2.66 313.2 156.6
3.0 6.0 3.6 2.72 326.8 163.4
4.0 6.0 3.6 2.72 326.8 163.4
15.0 6.5 3.7 2.83 333.6 166.8
12.0 7.5 4.3 3.12 374.4 187.2
999.999 8.1 4.6 3.33 394.8 197.4
